dimwishlist:item=-69420&perks=839105230,4134353779,1570042021,1546637391,684616255
dimwishlist:item=-69420&perks=839105230,4134353779,3230963543,1546637391,684616255
dimwishlist:item=-69420&perks=839105230,4134353779,1168162263,1546637391,684616255
dimwishlist:item=-69420&perks=839105230,4134353779,3124871000,1546637391,684616255
dimwishlist:item=-69420&perks=839105230,4134353779,1570042021,806159697,684616255
dimwishlist:item=-69420&perks=839105230,4134353779,3230963543,806159697,684616255
dimwishlist:item=-69420&perks=839105230,4134353779,1168162263,806159697,684616255
dimwishlist:item=-69420&perks=839105230,4134353779,3124871000,806159697,684616255
dimwishlist:item=-69420&perks=839105230,4134353779,1570042021,3425386926,684616255
dimwishlist:item=-69420&perks=839105230,4134353779,3230963543,3425386926,684616255
dimwishlist:item=-69420&perks=839105230,4134353779,1168162263,3425386926,684616255
dimwishlist:item=-69420&perks=839105230,4134353779,3124871000,3425386926,684616255
dimwishlist:item=-69420&perks=839105230,4134353779,1570042021,3038247973,684616255
dimwishlist:item=-69420&perks=839105230,4134353779,3230963543,3038247973,684616255
dimwishlist:item=-69420&perks=839105230,4134353779,1168162263,3038247973,684616255
dimwishlist:item=-69420&perks=839105230,4134353779,3124871000,3038247973,684616255
dimwishlist:item=-69420&perks=839105230,4134353779,1570042021,11612903,684616255
dimwishlist:item=-69420&perks=839105230,4134353779,3230963543,11612903,684616255
dimwishlist:item=-69420&perks=839105230,4134353779,1168162263,11612903,684616255
dimwishlist:item=-69420&perks=839105230,4134353779,3124871000,11612903,684616255
dimwishlist:item=-69420&perks=839105230,4134353779,1570042021,2360754333,684616255
dimwishlist:item=-69420&perks=839105230,4134353779,3230963543,2360754333,684616255
dimwishlist:item=-69420&perks=839105230,4134353779,1168162263,2360754333,684616255
dimwishlist:item=-69420&perks=839105230,4134353779,3124871000,2360754333,684616255
dimwishlist:item=-69420&perks=839105230,4134353779,1570042021,1546637391,2697220197
dimwishlist:item=-69420&perks=839105230,4134353779,3230963543,1546637391,2697220197
dimwishlist:item=-69420&perks=839105230,4134353779,1168162263,1546637391,2697220197
dimwishlist:item=-69420&perks=839105230,4134353779,3124871000,1546637391,2697220197
title:USMCSapper WishList
description:USMCSapper perk picks.
dimwishlist:item=-69420&perks=839105230,4134353779,1570042021,806159697,2697220197
dimwishlist:item=-69420&perks=839105230,4134353779,3230963543,806159697,2697220197
dimwishlist:item=-69420&perks=839105230,4134353779,1168162263,806159697,2697220197
dimwishlist:item=-69420&perks=839105230,4134353779,3124871000,806159697,2697220197
dimwishlist:item=-69420&perks=839105230,4134353779,1570042021,3425386926,2697220197
dimwishlist:item=-69420&perks=839105230,4134353779,3230963543,3425386926,2697220197
dimwishlist:item=-69420&perks=839105230,4134353779,1168162263,3425386926,2697220197
dimwishlist:item=-69420&perks=839105230,4134353779,3124871000,3425386926,2697220197
dimwishlist:item=-69420&perks=839105230,4134353779,1570042021,3038247973,2697220197
dimwishlist:item=-69420&perks=839105230,4134353779,3230963543,3038247973,2697220197
dimwishlist:item=-69420&perks=839105230,4134353779,1168162263,3038247973,2697220197
dimwishlist:item=-69420&perks=839105230,4134353779,3124871000,3038247973,2697220197
dimwishlist:item=-69420&perks=839105230,4134353779,1570042021,11612903,2697220197
dimwishlist:item=-69420&perks=839105230,4134353779,3230963543,11612903,2697220197
dimwishlist:item=-69420&perks=839105230,4134353779,1168162263,11612903,2697220197
dimwishlist:item=-69420&perks=839105230,4134353779,3124871000,11612903,2697220197
dimwishlist:item=-69420&perks=839105230,4134353779,1570042021,2360754333,2697220197
dimwishlist:item=-69420&perks=839105230,4134353779,3230963543,2360754333,2697220197
dimwishlist:item=-69420&perks=839105230,4134353779,1168162263,2360754333,2697220197
dimwishlist:item=-69420&perks=839105230,4134353779,3124871000,2360754333,2697220197


